111 aunuum, 11111. 11111, m. 1.

111111111111111 1111 continetur 111111 111111, 11 1111-
111111 11111111111111111, mm : 1 Non 1111111111 11
111111, vel 1111111. 1

Ad primum 1111 11111111, 1111 11111111 loquitu 11 ib
1111111 quod 111111 11 111111 componentium 1111111111ς 111
11111 111 1111111 111111 gloriosum, 111 11111 ex 11111
virtuti&

Α1111111111111111111, 1111 1111111111 11111111 1111111
1111111111,11111111111111111; 1111111,11111111111 1111
1111111111 1111111111 11111111 1111 11111 1111111111
11 1111111111111111111111111111111111111,111111111
11 hoe 1111 11111111 11111111 11111111 11 1111111111 purum
1111111111, 11111111 111111 11111111 1111111111. sod 1111 111-
1111111111 1111 11111, 11 1111111 11111111111111111 11111111
11111111 1111111111 1111111111 111 , 11111 111 1111111111ιὶ
1 vitm. 011111 111111 111111 1111 1111111111 11111, 111

· quin 1111 pervia, 111 propter 1111 similitudinem-quia, 1111

11111 quod 11 11111 clauditur, 1111111, 111 111111 111111 111
1111111 glorioso 11111111111111111111. sod 11111111 111111
1111 1111 1111111111 11111111 11111111 11111111 11111111,
11 111111 11111111111111 11111111.

1111111111,1111111111111111111111 ’

111111, 111 11111111. 11111 11111111 debetur 1111111 ox 111111
111111 1111111,111111111111 11111 summm
11 1111111111 1111111111 1111111111111111111111111 11-
1111 sui, 11111 splendore 11111111, 111 nx 111111 1111 11111,
11111111111111111111. .

Ad quartum 11111111, 1111 11111 111111 11111111 11111111
111111111111111ω1111111111111111111,111111111111
11111 11111111 11 11111, 111 11 1111111111 1111111 11111111
1111111111 111111111111 1111111. 11111 111111 1111111-
1111111111 11111111111111111111111111111111111111,
ω11111111 1111 sunt 1111111111 disposita 11 111 111111 11

im. 1111111111 11 11111 1111111 11111111, rm
maffia„ 1111111 111 11111111111 111111 11111111 11·

 

