DE coeluum 111118011110111 111 1111110101 553

11111 1111111111 oportet 111111 quod 111111 11111 111111
unusquisque.

(1]οιιι“.11111.--1--111Ι ι1 11111111 1111111 uisurus 111 111
111111111111111111111111111,11111111111111111,111111 111·
11111111 11111111,1111111 1111111 11111111, 111111 1111111111
considerabit.)

1111111111 11111111, quod 11111 111 11111111111111 1
11111111 11111 111111 1111111111 111111 11 11111111 111111
1111111 1111111, 11111 111111,11 11111111. Quod 1111111 11
111111 111111 11111 1111111 1111 111111 11111111 11111111, 11
111111 111111111111111 1111 simul 11111 1111111111
1111111111,11111111111111111111111111111111 111111111 111111
uidere, 11111111111111111111111111111111. 1111111 ulii 11-
11111111 muli 1111111111111111111111111, 1111111 111
11111111; 111111111111 11 accusationem 111111 111 11111
1111 11 1111111,1111111ι11111111111.1111 11111111111111
omniu 111111 descendendo 11 1111111811 1111111111 111 11-
11111111111111111111111111111,1111.111 011111111111
11111), 11111111111111111111111111 1111111 111111111111111
1111111111 11111111 cognoscitur, 111 enumeratur Unde
potest eligi mediat viu 11111111111111111111111111,111111
1111 1111111111,111ι111111111 1111111111,1111111·111111
111111111111111. 111 111 1111111 11111 Augustinus ibidem,
1111 u 11111 1111111111 comentur. 11 Neo 1111 111111111111111,
quia 11 1111111111 paruo 11111111 1111 11111111 instantia 11 111·

111111.

11111 hoo 11111111111111111111111 1111111111 1111111

111 111111111111111111 nou 111 11111111 11111,111“11111111
11111 11 11111.

 

