w summum. 11111. mxu, 111. 11.
1111111111 11111 1111111111 in 1111111 ueritatem 111111, nisi
111111 1111111111111111111111111111111111
tionem 11111111111111111111,11111)111111111111111, 11111111
1111111, 11 1111111111 1111111111 11 11111111 1111. Sed 111 11
11111111 11111111 : 111 modo, 11 ‚propriu 1111111111 111 boc
11 111111 qui 1111111 1111111111 11 «11111 et potestatem, oujoe
regimini subduntur 111 1111111111ς11111111 111 111111 111
111111 11 111 11111111 111 1111111111. 1111111111,1’1111111 111
111111111111111111111111111111111, 1111111111 notitiam 11
11111111 111 1111111111 latam 1111111111. 1111111 11111 1
,11111111 1111111111111, quia 1111111111 11 111 “” , md}
1111 ,1111111111111111 1111 11111111 11111111 111 111.
ἒξ mudregehffffiusstdioegffoetampade dicit

11 1.·11Ι 1111 1111111111111
1111111111 decretorum 1111111 1111111 1111111,1111111111111
1111111 1111111111,11111111111 111111111111111 111111-
1111, 1111111111111111111111111 adjudicium pertinent 1111 ¹
-1111 ,

111111111111111111111,1111 11111111 1111 111111111111
11111 111111111111,1111 1111 (11111111 11111111.

111 similiter 1111111111 111 11 1111111111.

11 11111111 dicendum, 1111 1111 111 11111111111111111111
ancum 1111 11111111 revelare, 1111111 1111111 1111111111
1111, siout tapetium 111111 11111111111111111111,111 111111
dun locutionis, 11111 1111111111111111111111 loquuntur.

ARTICULUS ΙΙ.

. ormnem-ema wwffmdmm*
pa .

11 1111111111 111 promatur. 111111111111111111111 po-
111111111111111111111 1111111111 1111111111. 1111 ,min 11
1111111111 1111111111 1111111111, 111111, xlx ι α Sede-
111111 1111111111 11111111,1111111111, 111111111111111
111111 1111111111 111111111111111111ηἰ11111 1111 111
-1111111111111111111 potestas 1111111111.

2 11111111, 111111 111 1111111 1111111111 1111 1111111111

 

